    B 100 ➜                                       Puderbach - Raubach - Dierdorf - Anhausen - Neuwied
                 Am 24. und 31.12. Verkehr wie Samstag. On 24 and 31 December, Saturday service.
                 Am 16.02., 17.02., 15.05. und 05.06.2026 Verkehr wie an Ferientagen
                                                                                                                                                    Verkehrsbetrieb Rhein-Westerwald GmbH
                                                                                                                                                                                            V
                 Holiday services operate on 16.02., 17.02., 15.05. and 05.06.2026
                                                                                                                                                                     Tel. +49 (0)2631 852800


                                                  Montag - Freitag / Monday - Friday
                       Verkehrsbeschränkungen
                                      Hinweise
    Puderbach Verbandsgemeinde                     4.49    5.49    6.49    7.49    8.49    9.49   10.49   11.49   12.49   13.49   14.49   15.49   16.49   17.49    18.49           20.49
    - Hölzchens Mühle                              4.50    5.50    6.50    7.50    8.50    9.50   10.50   11.50   12.50   13.50   14.50   15.50   16.50   17.50    18.50           20.50
    Hanroth Hedwigsthal A                          4.51    5.51    6.51    7.51    8.51    9.51   10.51   11.51   12.51   13.51   14.51   15.51   16.51   17.51    18.51           20.51
    Raubach In der Au                              4.55    5.55    6.55    7.55    8.55    9.55   10.55   11.55   12.55   13.55   14.55   15.55   16.55   17.55    18.55           20.55
    Wienau Flemmer                                 4.58    5.58    6.58    7.58    8.58    9.58   10.58   11.58   12.58   13.58   14.58   15.58   16.58   17.58    18.58           20.58
    Dierdorf Markt                           an    5.02    6.02    7.02    8.02    9.02   10.02   11.02   12.02   13.02   14.02   15.02   16.02   17.02   18.02    19.02           21.02
    - Markt                                  ab    5.03    6.03    7.03    8.03    9.03   10.03   11.03   12.03   13.03   14.03   15.03   16.03   17.03   18.03    19.03   20.03   21.03   22.03
    - Neuwieder Straße B                           5.04    6.04    7.04    8.04    9.04   10.04   11.04   12.04   13.04   14.04   15.04   16.04   17.04   18.04    19.04   20.04   21.04   22.04
1




    - SZ-Center B                                  5.06    6.06    7.06    8.06    9.06   10.06   11.06   12.06   13.06   14.06   15.06   16.06   17.06   18.06    19.06   20.06   21.06   22.06
    Rüscheid Siegel                                5.13    6.13    7.13    8.13    9.13   10.13   11.13   12.13   13.13   14.13   15.13   16.13   17.13   18.13    19.13   20.13   21.13   22.13
    Anhausen Petershof A                           5.15    6.15    7.15    8.15    9.15   10.15   11.15   12.15   13.15   14.15   15.15   16.15   17.15   18.15    19.15   20.15   21.15   22.15
    - Schillerstraße A                       an    5.18    6.18    7.18    8.18    9.18   10.18   11.18   12.18   13.18   14.18   15.18   16.18   17.18   18.18    19.18   20.18   21.18   22.18
    - Schillerstraße A                       ab    5.19    6.19    7.19    8.19    9.19   10.19   11.19   12.19   13.19   14.19   15.19   16.19   17.19   18.19    19.19   20.19   21.19   22.19
    - Braunsberg/Rheinhöhenweg                     5.21    6.21    7.21    8.21    9.21   10.21   11.21   12.21   13.21   14.21   15.21   16.21   17.21   18.21    19.21   20.21   21.21   22.21
    Gladbach Haus am Pilz                          5.23    6.23    7.23    8.23    9.23   10.23   11.23   12.23   13.23   14.23   15.23   16.23   17.23   18.23    19.23   20.23   21.23   22.23
    - Chausseehaus                                 5.26    6.26    7.26    8.26    9.26   10.26   11.26   12.26   13.26   14.26   15.26   16.26   17.26   18.26    19.26   20.26   21.26   22.26
    Torney Dierdorfer Straße                       5.29    6.29    7.29    8.29    9.29   10.29   11.29   12.29   13.29   14.29   15.29   16.29   17.29   18.29    19.29   20.29   21.29   22.29
    - Friedhof Wennenberg                          5.30    6.30    7.30    8.30    9.30   10.30   11.30   12.30   13.30   14.30   15.30   16.30   17.30   18.30    19.30   20.30   21.30   22.30
    Neuwied Beverwijker Ring                       5.32    6.32    7.32    8.32    9.32   10.32   11.32   12.32   13.32   14.32   15.32   16.32   17.32   18.32    19.32   20.32   21.32   22.32
    - Ludwig-Erhard-Schule                         5.35    6.35    7.35    8.35    9.35   10.35   11.35   12.35   13.35   14.35   15.35   16.35   17.35   18.35    19.35   20.35   21.35   22.35
    - Matthiasberg                                 5.36    6.36    7.36    8.36    9.36   10.36   11.36   12.36   13.36   14.36   15.36   16.36   17.36   18.36    19.36   20.36   21.36   22.36
    - Stadion A                                    5.38    6.38    7.38    8.38    9.38   10.38   11.38   12.38   13.38   14.38   15.38   16.38   17.38   18.38    19.38   20.38   21.38   22.38
    - Im Weidchen A                                5.39    6.39    7.39    8.39    9.39   10.39   11.39   12.39   13.39   14.39   15.39   16.39   17.39   18.39    19.39   20.39   21.39   22.39
    - Schloßtheater A                              5.40    6.40    7.40    8.40    9.40   10.40   11.40   12.40   13.40   14.40   15.40   16.40   17.40   18.40    19.40   20.40   21.40   22.40
    - Marktkirche A                                5.42    6.42    7.42    8.42    9.42   10.42   11.42   12.42   13.42   14.42   15.42   16.42   17.42   18.42    19.42   20.42   21.42   22.42
    - Marktstraße B                                5.43    6.43    7.43    8.43    9.43   10.43   11.43   12.43   13.43   14.43   15.43   16.43   17.43   18.43    19.43   20.43   21.43   22.43
    - Moltkeplatz A                                5.45    6.45    7.45    8.45    9.45   10.45   11.45   12.45   13.45   14.45   15.45   16.45   17.45   18.45    19.45   20.45   21.45   22.45
    - Bahnhof H                                    5.51    6.51    7.51    8.51    9.51   10.51   11.51   12.51   13.51   14.51   15.51   16.51   17.51   18.51    19.51   20.51   21.51   22.51



                                                  Samstag / Saturday
                       Verkehrsbeschränkungen
                                      Hinweise                                                                                             qa      qa      qa       qa      q0
    Puderbach Verbandsgemeinde                     6.49            8.49           10.49           12.49           14.49           16.49           18.49            20.49
    - Hölzchens Mühle                              6.50            8.50           10.50           12.50           14.50           16.50           18.50            20.50
    Hanroth Hedwigsthal A                          6.51            8.51           10.51           12.51           14.51           16.51           18.51            20.51
    Raubach In der Au                              6.55            8.55           10.55           12.55           14.55           16.55           18.55            20.55
    Wienau Flemmer                                 6.58            8.58           10.58           12.58           14.58           16.58           18.58            20.58
    Dierdorf Markt                           an    7.02            9.02           11.02           13.02           15.02           17.02           19.02            21.02
    - Markt                                  ab    7.03    8.03    9.03   10.03   11.03   12.03   13.03   14.03   15.03   16.03   17.03   18.03   19.03   20.03    21.03   22.03
    - Neuwieder Straße B                           7.04    8.04    9.04   10.04   11.04   12.04   13.04   14.04   15.04   16.04   17.04   18.04   19.04   20.04    21.04   22.04
    - SZ-Center B                                  7.06    8.06    9.06   10.06   11.06   12.06   13.06   14.06   15.06   16.06   17.06   18.06   19.06   20.06    21.06   22.06
    Rüscheid Siegel                                7.13    8.13    9.13   10.13   11.13   12.13   13.13   14.13   15.13   16.13   17.13   18.13   19.13   20.13    21.13   22.13
    Anhausen Petershof A                           7.15    8.15    9.15   10.15   11.15   12.15   13.15   14.15   15.15   16.15   17.15   18.15   19.15   20.15    21.15   22.15
    - Schillerstraße A                       an    7.18    8.18    9.18   10.18   11.18   12.18   13.18   14.18   15.18   16.18   17.18   18.18   19.18   20.18    21.18   22.18
    - Schillerstraße A                       ab    7.19    8.19    9.19   10.19   11.19   12.19   13.19   14.19   15.19   16.19   17.19   18.19   19.19   20.19    21.19   22.19
    - Braunsberg/Rheinhöhenweg                     7.21    8.21    9.21   10.21   11.21   12.21   13.21   14.21   15.21   16.21   17.21   18.21   19.21   20.21    21.21   22.21
    Gladbach Haus am Pilz                          7.23    8.23    9.23   10.23   11.23   12.23   13.23   14.23   15.23   16.23   17.23   18.23   19.23   20.23    21.23   22.23
    - Chausseehaus                                 7.26    8.26    9.26   10.26   11.26   12.26   13.26   14.26   15.26   16.26   17.26   18.26   19.26   20.26    21.26   22.26
    Torney Dierdorfer Straße                       7.29    8.29    9.29   10.29   11.29   12.29   13.29   14.29   15.29   16.29   17.29   18.29   19.29   20.29    21.29   22.29
    - Friedhof Wennenberg                          7.30    8.30    9.30   10.30   11.30   12.30   13.30   14.30   15.30   16.30   17.30   18.30   19.30   20.30    21.30   22.30
    Neuwied Beverwijker Ring                       7.32    8.32    9.32   10.32   11.32   12.32   13.32   14.32   15.32   16.32   17.32   18.32   19.32   20.32    21.32   22.32
    - Ludwig-Erhard-Schule                         7.35    8.35    9.35   10.35   11.35   12.35   13.35   14.35   15.35   16.35   17.35   18.35   19.35   20.35    21.35   22.35
    - Matthiasberg                                 7.36    8.36    9.36   10.36   11.36   12.36   13.36   14.36   15.36   16.36   17.36   18.36   19.36   20.36    21.36   22.36
    - Stadion A                                    7.38    8.38    9.38   10.38   11.38   12.38   13.38   14.38   15.38   16.38   17.38   18.38   19.38   20.38    21.38   22.38
    - Im Weidchen A                                7.39    8.39    9.39   10.39   11.39   12.39   13.39   14.39   15.39   16.39   17.39   18.39   19.39   20.39    21.39   22.39
    - Schloßtheater A                              7.40    8.40    9.40   10.40   11.40   12.40   13.40   14.40   15.40   16.40   17.40   18.40   19.40   20.40    21.40   22.40
    - Marktkirche A                                7.42    8.42    9.42   10.42   11.42   12.42   13.42   14.42   15.42   16.42   17.42   18.42   19.42   20.42    21.42   22.42
    - Marktstraße B                                7.43    8.43    9.43   10.43   11.43   12.43   13.43   14.43   15.43   16.43   17.43   18.43   19.43   20.43    21.43   22.43
    - Moltkeplatz A                                7.45    8.45    9.45   10.45   11.45   12.45   13.45   14.45   15.45   16.45   17.45   18.45   19.45   20.45    21.45   22.45
    - Bahnhof H                                    7.51    8.51    9.51   10.51   11.51   12.51   13.51   14.51   15.51   16.51   17.51   18.51   19.51   20.51    21.51   22.51

    qa   = nicht am 24.12.                            q0     = nicht am 24. und 31.12.
           not on 24.12.                                       not on 24. and 31.12.



                                                  Sonn- & Feiertag / Sundays & public holidays
                       Verkehrsbeschränkungen
                                      Hinweise
    Puderbach Verbandsgemeinde                     6.49    8.49           10.49           12.49           14.49           16.49           18.49           20.49
    - Hölzchens Mühle                              6.50    8.50           10.50           12.50           14.50           16.50           18.50           20.50
    Hanroth Hedwigsthal A                          6.51    8.51           10.51           12.51           14.51           16.51           18.51           20.51
    Raubach In der Au                              6.55    8.55           10.55           12.55           14.55           16.55           18.55           20.55
    Wienau Flemmer                                 6.58    8.58           10.58           12.58           14.58           16.58           18.58           20.58
    Dierdorf Markt                           an    7.02    9.02           11.02           13.02           15.02           17.02           19.02           21.02
    - Markt                                  ab    7.03    9.03   10.03   11.03   12.03   13.03   14.03   15.03   16.03   17.03   18.03   19.03   20.03   21.03    22.03
    - Neuwieder Straße B                           7.04    9.04   10.04   11.04   12.04   13.04   14.04   15.04   16.04   17.04   18.04   19.04   20.04   21.04    22.04
    - SZ-Center B                                  7.06    9.06   10.06   11.06   12.06   13.06   14.06   15.06   16.06   17.06   18.06   19.06   20.06   21.06    22.06
    Rüscheid Siegel                                7.13    9.13   10.13   11.13   12.13   13.13   14.13   15.13   16.13   17.13   18.13   19.13   20.13   21.13    22.13
    Anhausen Petershof A                           7.15    9.15   10.15   11.15   12.15   13.15   14.15   15.15   16.15   17.15   18.15   19.15   20.15   21.15    22.15
    - Schillerstraße A                       an    7.18    9.18   10.18   11.18   12.18   13.18   14.18   15.18   16.18   17.18   18.18   19.18   20.18   21.18    22.18
    - Schillerstraße A                       ab    7.19    9.19   10.19   11.19   12.19   13.19   14.19   15.19   16.19   17.19   18.19   19.19   20.19   21.19    22.19
    - Braunsberg/Rheinhöhenweg                     7.21    9.21   10.21   11.21   12.21   13.21   14.21   15.21   16.21   17.21   18.21   19.21   20.21   21.21    22.21
    Gladbach Haus am Pilz                          7.23    9.23   10.23   11.23   12.23   13.23   14.23   15.23   16.23   17.23   18.23   19.23   20.23   21.23    22.23
    - Chausseehaus                                 7.26    9.26   10.26   11.26   12.26   13.26   14.26   15.26   16.26   17.26   18.26   19.26   20.26   21.26    22.26
    Torney Dierdorfer Straße                       7.29    9.29   10.29   11.29   12.29   13.29   14.29   15.29   16.29   17.29   18.29   19.29   20.29   21.29    22.29
    - Friedhof Wennenberg                          7.30    9.30   10.30   11.30   12.30   13.30   14.30   15.30   16.30   17.30   18.30   19.30   20.30   21.30    22.30
    Neuwied Beverwijker Ring                       7.32    9.32   10.32   11.32   12.32   13.32   14.32   15.32   16.32   17.32   18.32   19.32   20.32   21.32    22.32
    - Ludwig-Erhard-Schule                         7.35    9.35   10.35   11.35   12.35   13.35   14.35   15.35   16.35   17.35   18.35   19.35   20.35   21.35    22.35
    - Matthiasberg                                 7.36    9.36   10.36   11.36   12.36   13.36   14.36   15.36   16.36   17.36   18.36   19.36   20.36   21.36    22.36
    - Stadion A                                    7.38    9.38   10.38   11.38   12.38   13.38   14.38   15.38   16.38   17.38   18.38   19.38   20.38   21.38    22.38
    - Im Weidchen A                                7.39    9.39   10.39   11.39   12.39   13.39   14.39   15.39   16.39   17.39   18.39   19.39   20.39   21.39    22.39
    - Schloßtheater A                              7.40    9.40   10.40   11.40   12.40   13.40   14.40   15.40   16.40   17.40   18.40   19.40   20.40   21.40    22.40
    - Marktkirche A                                7.42    9.42   10.42   11.42   12.42   13.42   14.42   15.42   16.42   17.42   18.42   19.42   20.42   21.42    22.42
    - Marktstraße B                                7.43    9.43   10.43   11.43   12.43   13.43   14.43   15.43   16.43   17.43   18.43   19.43   20.43   21.43    22.43
    - Moltkeplatz A                                7.45    9.45   10.45   11.45   12.45   13.45   14.45   15.45   16.45   17.45   18.45   19.45   20.45   21.45    22.45
    - Bahnhof H                                    7.51    9.51   10.51   11.51   12.51   13.51   14.51   15.51   16.51   17.51   18.51   19.51   20.51   21.51    22.51

                                                                                                                                                                  gültig ab /valid from 13.04.2026
    B 100                                                                                                                                                                                 V
                                  ➜
                                                  Neuwied - Anhausen - Dierdorf - Raubach - Puderbach
                 Am 24. und 31.12. Verkehr wie Samstag. On 24 and 31 December, Saturday service.                                                    Verkehrsbetrieb Rhein-Westerwald GmbH
                 Am 16.02., 17.02., 15.05. und 05.06.2026 Verkehr wie an Ferientagen
                 Holiday services operate on 16.02., 17.02., 15.05. and 05.06.2026
                                                                                                                                                                     Tel. +49 (0)2631 852800


                                                  Montag - Freitag / Monday - Friday
                       Verkehrsbeschränkungen
                                      Hinweise
    Neuwied Bahnhof D                              6.11    7.11    8.11    9.11   10.11   11.11   12.11   13.11   14.11   15.11   16.11   17.11   18.11   19.11   20.11   21.11   23.11
    - Moltkeplatz B                                6.13    7.13    8.13    9.13   10.13   11.13   12.13   13.13   14.13   15.13   16.13   17.13   18.13   19.13   20.13   21.13   23.13
    - An der Matthiaskirche A                      6.14    7.14    8.14    9.14   10.14   11.14   12.14   13.14   14.14   15.14   16.14   17.14   18.14   19.14   20.14   21.14   23.14
    - Schloßstraße A                               6.18    7.18    8.18    9.18   10.18   11.18   12.18   13.18   14.18   15.18   16.18   17.18   18.18   19.18   20.18   21.18   23.18
    - Im Weidchen B                                6.20    7.20    8.20    9.20   10.20   11.20   12.20   13.20   14.20   15.20   16.20   17.20   18.20   19.20   20.20   21.20   23.20
    - Stadion B                                    6.21    7.21    8.21    9.21   10.21   11.21   12.21   13.21   14.21   15.21   16.21   17.21   18.21   19.21   20.21   21.21   23.21
    - Matthiasberg                                 6.23    7.23    8.23    9.23   10.23   11.23   12.23   13.23   14.23   15.23   16.23   17.23   18.23   19.23   20.23   21.23   23.23
    - Ludwig-Erhard-Schule                         6.25    7.25    8.25    9.25   10.25   11.25   12.25   13.25   14.25   15.25   16.25   17.25   18.25   19.25   20.25   21.25   23.25
1




    - Beverwijker Ring                             6.26    7.26    8.26    9.26   10.26   11.26   12.26   13.26   14.26   15.26   16.26   17.26   18.26   19.26   20.26   21.26   23.26
    Torney Friedhof Wennenberg                     6.28    7.28    8.28    9.28   10.28   11.28   12.28   13.28   14.28   15.28   16.28   17.28   18.28   19.28   20.28   21.28   23.28
    - Dierdorfer Straße                            6.29    7.29    8.29    9.29   10.29   11.29   12.29   13.29   14.29   15.29   16.29   17.29   18.29   19.29   20.29   21.29   23.29
    Gladbach Chausseehaus                          6.31    7.31    8.31    9.31   10.31   11.31   12.31   13.31   14.31   15.31   16.31   17.31   18.31   19.31   20.31   21.31   23.31
    - Haus am Pilz                                 6.33    7.33    8.33    9.33   10.33   11.33   12.33   13.33   14.33   15.33   16.33   17.33   18.33   19.33   20.33   21.33   23.33
    Anhausen Braunsberg/Rheinhöhenweg              6.36    7.36    8.36    9.36   10.36   11.36   12.36   13.36   14.36   15.36   16.36   17.36   18.36   19.36   20.36   21.36   23.36
    - Schillerstraße B                       an    6.39    7.39    8.39    9.39   10.39   11.39   12.39   13.39   14.39   15.39   16.39   17.39   18.39   19.39   20.39   21.39   23.39
    - Schillerstraße B                       ab    6.41    7.41    8.41    9.41   10.41   11.41   12.41   13.41   14.41   15.41   16.41   17.41   18.41   19.41   20.41   21.41   23.41
    - Petershof B                                  6.44    7.44    8.44    9.44   10.44   11.44   12.44   13.44   14.44   15.44   16.44   17.44   18.44   19.44   20.44   21.44   23.44
    Rüscheid Bamberger                             6.46    7.46    8.46    9.46   10.46   11.46   12.46   13.46   14.46   15.46   16.46   17.46   18.46   19.46   20.46   21.46   23.46
    Dierdorf SZ-Center A                           6.53    7.53    8.53    9.53   10.53   11.53   12.53   13.53   14.53   15.53   16.53   17.53   18.53   19.53   20.53   21.53   23.53
    - Neuwieder Straße A                           6.55    7.55    8.55    9.55   10.55   11.55   12.55   13.55   14.55   15.55   16.55   17.55   18.55   19.55   20.55   21.55   23.55
    - Markt                                  an    6.57    7.57    8.57    9.57   10.57   11.57   12.57   13.57   14.57   15.57   16.57   17.57   18.57   19.57   20.57   21.57   23.57
    - Markt                                  ab    6.58    7.58    8.58    9.58   10.58   11.58   12.58   13.58   14.58   15.58   16.58   17.58   18.58   19.58           21.58   23.58
    Wienau Flemmer                                 7.02    8.02    9.02   10.02   11.02   12.02   13.02   14.02   15.02   16.02   17.02   18.02   19.02   20.02           22.02    0.02
    Raubach In der Au                              7.05    8.05    9.05   10.05   11.05   12.05   13.05   14.05   15.05   16.05   17.05   18.05   19.05   20.05           22.05    0.05
    Hanroth Hedwigsthal B                          7.09    8.09    9.09   10.09   11.09   12.09   13.09   14.09   15.09   16.09   17.09   18.09   19.09   20.09           22.09    0.09
    Puderbach Hölzchens Mühle                      7.10    8.10    9.10   10.10   11.10   12.10   13.10   14.10   15.10   16.10   17.10   18.10   19.10   20.10           22.10    0.10
    - Verbandsgemeinde                             7.14    8.14    9.14   10.14   11.14   12.14   13.14   14.14   15.14   16.14   17.14   18.14   19.14   20.14           22.14    0.14



                                                  Samstag / Saturday
                       Verkehrsbeschränkungen
                                      Hinweise                                                                                     qa      qa      qa      qa       q0
    Neuwied Bahnhof D                              8.11    9.11   10.11   11.11   12.11   13.11   14.11   15.11   16.11   17.11   18.11   19.11   20.11   21.11   23.11
    - Moltkeplatz B                                8.13    9.13   10.13   11.13   12.13   13.13   14.13   15.13   16.13   17.13   18.13   19.13   20.13   21.13   23.13
    - An der Matthiaskirche A                      8.14    9.14   10.14   11.14   12.14   13.14   14.14   15.14   16.14   17.14   18.14   19.14   20.14   21.14   23.14
    - Schloßstraße A                               8.18    9.18   10.18   11.18   12.18   13.18   14.18   15.18   16.18   17.18   18.18   19.18   20.18   21.18   23.18
    - Im Weidchen B                                8.20    9.20   10.20   11.20   12.20   13.20   14.20   15.20   16.20   17.20   18.20   19.20   20.20   21.20   23.20
    - Stadion B                                    8.21    9.21   10.21   11.21   12.21   13.21   14.21   15.21   16.21   17.21   18.21   19.21   20.21   21.21   23.21
    - Matthiasberg                                 8.23    9.23   10.23   11.23   12.23   13.23   14.23   15.23   16.23   17.23   18.23   19.23   20.23   21.23   23.23
    - Ludwig-Erhard-Schule                         8.25    9.25   10.25   11.25   12.25   13.25   14.25   15.25   16.25   17.25   18.25   19.25   20.25   21.25   23.25
    - Beverwijker Ring                             8.26    9.26   10.26   11.26   12.26   13.26   14.26   15.26   16.26   17.26   18.26   19.26   20.26   21.26   23.26
    Torney Friedhof Wennenberg                     8.28    9.28   10.28   11.28   12.28   13.28   14.28   15.28   16.28   17.28   18.28   19.28   20.28   21.28   23.28
    - Dierdorfer Straße                            8.29    9.29   10.29   11.29   12.29   13.29   14.29   15.29   16.29   17.29   18.29   19.29   20.29   21.29   23.29
    Gladbach Chausseehaus                          8.31    9.31   10.31   11.31   12.31   13.31   14.31   15.31   16.31   17.31   18.31   19.31   20.31   21.31   23.31
    - Haus am Pilz                                 8.33    9.33   10.33   11.33   12.33   13.33   14.33   15.33   16.33   17.33   18.33   19.33   20.33   21.33   23.33
    Anhausen Braunsberg/Rheinhöhenweg              8.36    9.36   10.36   11.36   12.36   13.36   14.36   15.36   16.36   17.36   18.36   19.36   20.36   21.36   23.36
    - Schillerstraße B                       an    8.39    9.39   10.39   11.39   12.39   13.39   14.39   15.39   16.39   17.39   18.39   19.39   20.39   21.39   23.39
    - Schillerstraße B                       ab    8.41    9.41   10.41   11.41   12.41   13.41   14.41   15.41   16.41   17.41   18.41   19.41   20.41   21.41   23.41
    - Petershof B                                  8.44    9.44   10.44   11.44   12.44   13.44   14.44   15.44   16.44   17.44   18.44   19.44   20.44   21.44   23.44
    Rüscheid Bamberger                             8.46    9.46   10.46   11.46   12.46   13.46   14.46   15.46   16.46   17.46   18.46   19.46   20.46   21.46   23.46
    Dierdorf SZ-Center A                           8.53    9.53   10.53   11.53   12.53   13.53   14.53   15.53   16.53   17.53   18.53   19.53   20.53   21.53   23.53
    - Neuwieder Straße A                           8.55    9.55   10.55   11.55   12.55   13.55   14.55   15.55   16.55   17.55   18.55   19.55   20.55   21.55   23.55
    - Markt                                  an    8.57    9.57   10.57   11.57   12.57   13.57   14.57   15.57   16.57   17.57   18.57   19.57   20.57   21.57   23.57
    - Markt                                  ab            9.58           11.58           13.58           15.58           17.58           19.58           21.58   23.58
    Wienau Flemmer                                        10.02           12.02           14.02           16.02           18.02           20.02           22.02    0.02
    Raubach In der Au                                     10.05           12.05           14.05           16.05           18.05           20.05           22.05    0.05
    Hanroth Hedwigsthal B                                 10.09           12.09           14.09           16.09           18.09           20.09           22.09    0.09
    Puderbach Hölzchens Mühle                             10.10           12.10           14.10           16.10           18.10           20.10           22.10    0.10
    - Verbandsgemeinde                                    10.14           12.14           14.14           16.14           18.14           20.14           22.14    0.14

    qa   = nicht am 24.12.                            q0     = nicht am 24. und 31.12.
           not on 24.12.                                       not on 24. and 31.12.



                                                  Sonn- & Feiertag / Sundays & public holidays
                       Verkehrsbeschränkungen
                                      Hinweise
    Neuwied Bahnhof D                              8.11    9.11   10.11   11.11   12.11   13.11   14.11   15.11   16.11   17.11   18.11   19.11   20.11   21.11   23.11
    - Moltkeplatz B                                8.13    9.13   10.13   11.13   12.13   13.13   14.13   15.13   16.13   17.13   18.13   19.13   20.13   21.13   23.13
    - An der Matthiaskirche A                      8.14    9.14   10.14   11.14   12.14   13.14   14.14   15.14   16.14   17.14   18.14   19.14   20.14   21.14   23.14
    - Schloßstraße A                               8.18    9.18   10.18   11.18   12.18   13.18   14.18   15.18   16.18   17.18   18.18   19.18   20.18   21.18   23.18
    - Im Weidchen B                                8.20    9.20   10.20   11.20   12.20   13.20   14.20   15.20   16.20   17.20   18.20   19.20   20.20   21.20   23.20
    - Stadion B                                    8.21    9.21   10.21   11.21   12.21   13.21   14.21   15.21   16.21   17.21   18.21   19.21   20.21   21.21   23.21
    - Matthiasberg                                 8.23    9.23   10.23   11.23   12.23   13.23   14.23   15.23   16.23   17.23   18.23   19.23   20.23   21.23   23.23
    - Ludwig-Erhard-Schule                         8.25    9.25   10.25   11.25   12.25   13.25   14.25   15.25   16.25   17.25   18.25   19.25   20.25   21.25   23.25
    - Beverwijker Ring                             8.26    9.26   10.26   11.26   12.26   13.26   14.26   15.26   16.26   17.26   18.26   19.26   20.26   21.26   23.26
    Torney Friedhof Wennenberg                     8.28    9.28   10.28   11.28   12.28   13.28   14.28   15.28   16.28   17.28   18.28   19.28   20.28   21.28   23.28
    - Dierdorfer Straße                            8.29    9.29   10.29   11.29   12.29   13.29   14.29   15.29   16.29   17.29   18.29   19.29   20.29   21.29   23.29
    Gladbach Chausseehaus                          8.31    9.31   10.31   11.31   12.31   13.31   14.31   15.31   16.31   17.31   18.31   19.31   20.31   21.31   23.31
    - Haus am Pilz                                 8.33    9.33   10.33   11.33   12.33   13.33   14.33   15.33   16.33   17.33   18.33   19.33   20.33   21.33   23.33
    Anhausen Braunsberg/Rheinhöhenweg              8.36    9.36   10.36   11.36   12.36   13.36   14.36   15.36   16.36   17.36   18.36   19.36   20.36   21.36   23.36
    - Schillerstraße B                       an    8.39    9.39   10.39   11.39   12.39   13.39   14.39   15.39   16.39   17.39   18.39   19.39   20.39   21.39   23.39
    - Schillerstraße B                       ab    8.41    9.41   10.41   11.41   12.41   13.41   14.41   15.41   16.41   17.41   18.41   19.41   20.41   21.41   23.41
    - Petershof B                                  8.44    9.44   10.44   11.44   12.44   13.44   14.44   15.44   16.44   17.44   18.44   19.44   20.44   21.44   23.44
    Rüscheid Bamberger                             8.46    9.46   10.46   11.46   12.46   13.46   14.46   15.46   16.46   17.46   18.46   19.46   20.46   21.46   23.46
    Dierdorf SZ-Center A                           8.53    9.53   10.53   11.53   12.53   13.53   14.53   15.53   16.53   17.53   18.53   19.53   20.53   21.53   23.53
    - Neuwieder Straße A                           8.55    9.55   10.55   11.55   12.55   13.55   14.55   15.55   16.55   17.55   18.55   19.55   20.55   21.55   23.55
    - Markt                                  an    8.57    9.57   10.57   11.57   12.57   13.57   14.57   15.57   16.57   17.57   18.57   19.57   20.57   21.57   23.57
    - Markt                                  ab            9.58           11.58           13.58           15.58           17.58           19.58           21.58   23.58
    Wienau Flemmer                                        10.02           12.02           14.02           16.02           18.02           20.02           22.02    0.02
    Raubach In der Au                                     10.05           12.05           14.05           16.05           18.05           20.05           22.05    0.05
    Hanroth Hedwigsthal B                                 10.09           12.09           14.09           16.09           18.09           20.09           22.09    0.09
    Puderbach Hölzchens Mühle                             10.10           12.10           14.10           16.10           18.10           20.10           22.10    0.10
    - Verbandsgemeinde                                    10.14           12.14           14.14           16.14           18.14           20.14           22.14    0.14



                                                                                                                                                                  gültig ab /valid from 13.04.2026
